-3.021286943282384119e-01
-5.401736753624403198e-02
-2.940309664643678822e-01
-1.201612982603701696e-01
-2.654201175347993824e-01
-1.950395377542429309e-01
-2.115555829139478539e-01
-2.572902256873182414e-01
-1.872893381863049156e-01
-3.233731989911465821e-01
-1.562627282451640176e-01
-3.135124432666946404e-01
-8.102433445779416710e-02
-3.250037704917556614e-01
-1.795238078123112188e-02
-3.364144499942927635e-01
5.263683955756758709e-02
-3.398431613685740094e-01
1.067781172333319706e-01
-3.130238922394323331e-01
1.603913056116933189e-01
-3.533474912742370355e-01
1.511357695270332258e-01
-3.034812595499922772e-01
1.932283136636272214e-01
-2.467794271840080267e-01
2.488708301546020130e-01
-1.770270676981314517e-01
2.744407735663195735e-01
-1.083799617191276571e-01
2.790920761075231238e-01
-3.621701909217131532e-02
2.727116794403032785e-01
3.204361256485523807e-02
2.361916114179507253e-01
1.035755006166701880e-01
2.415069956111784988e-01
1.617078686714641944e-01
2.351461082812728864e-01
2.324755956383420807e-01
2.149750579812536866e-01
2.931816301059300134e-01
1.797005450195421350e-01
3.204496021083151902e-01
1.234223300333276568e-01
3.687472006796695956e-01
5.928621063381537409e-02
4.000000000000000222e-01
-1.346841675521267059e-02
3.894347248966856245e-01
-8.269816529855941734e-02
3.894028107359697732e-01
-1.420929759646732127e-01
3.269147034843196686e-01
-1.947945626090429039e-01
2.897000298396634754e-01
-2.539618704366379820e-01
2.289132057705332568e-01
-2.579812987218280673e-01
1.596069284967880086e-01
-2.712947940521568402e-01
8.689413581300026168e-02
-2.975583370903830960e-01
1.986402268553827746e-02
