-1.663887202739715576e-01
-1.134088635444641113e-01
-4.633900150656700134e-02
-5.132135003805160522e-03
3.163867071270942688e-02
4.212214797735214233e-02
4.753728955984115601e-02
3.470065444707870483e-02
2.433553524315357208e-02
4.036122933030128479e-03
-1.731337420642375946e-02
-3.333446756005287170e-02
-3.506700694561004639e-02
-3.664165735244750977e-02
-3.180427849292755127e-02
-1.524716615676879883e-02
-2.993348054587841034e-03
3.611659631133079529e-03
1.079783216118812561e-02
7.468611001968383789e-03
1.812347024679183960e-02
2.672333829104900360e-02
4.565836861729621887e-02
5.571596324443817139e-02
6.699527055025100708e-02
7.572121173143386841e-02
6.272260844707489014e-02
5.320057272911071777e-02
2.909507602453231812e-02
-5.535745993256568909e-03
-5.601032078266143799e-02
-1.070967763662338257e-01
-2.063378691673278809e-02
-5.299107730388641357e-02
-4.975322261452674866e-02
-3.546191751956939697e-02
-2.075611054897308350e-02
-7.394507527351379395e-03
1.575587689876556396e-02
2.269338816404342651e-02
3.981918469071388245e-02
5.844769254326820374e-02
6.770616024732589722e-02
7.851970195770263672e-02
7.029761373996734619e-02
6.092146784067153931e-02
4.507192224264144897e-02
1.544749271124601364e-02
-8.298853412270545959e-03
-2.062151208519935608e-02
-2.486337721347808838e-02
-2.369946800172328949e-02
-3.574368357658386230e-02
-4.001696407794952393e-02
-5.260720849037170410e-02
-4.305252432823181152e-02
-3.334185481071472168e-02
-3.186198323965072632e-02
-2.076708152890205383e-02
-6.152044981718063354e-03
1.250455528497695923e-02
1.552553568035364151e-02
1.363658159971237183e-02
7.518585771322250366e-03
