-1.502088457345962524e-01
-1.000521332025527954e-01
-4.243642464280128479e-02
-4.899367690086364746e-03
2.294969558715820312e-02
3.526731580495834351e-02
3.362805396318435669e-02
1.600587181746959686e-02
1.458974555134773254e-03
-2.119720727205276489e-02
-4.347663372755050659e-02
-5.616317316889762878e-02
-5.803837627172470093e-02
-4.815117269754409790e-02
-4.272434860467910767e-02
-2.369784750044345856e-02
-6.116263568401336670e-03
-4.452541470527648926e-04
4.432342946529388428e-03
7.508456707000732422e-03
1.468632370233535767e-02
2.959973737597465515e-02
4.739136993885040283e-02
6.854644417762756348e-02
8.789607137441635132e-02
9.504370391368865967e-02
8.994325250387191772e-02
8.050830662250518799e-02
6.152253597974777222e-02
1.996163278818130493e-02
-3.018057346343994141e-02
-9.722987562417984009e-02
-2.764389663934707642e-02
-5.652873590588569641e-02
-5.333004891872406006e-02
-4.446763917803764343e-02
-3.297836333513259888e-02
-1.544690877199172974e-02
3.357879817485809326e-03
1.722808182239532471e-02
3.850933909416198730e-02
6.337633728981018066e-02
8.584316074848175049e-02
1.023309081792831421e-01
1.055451035499572754e-01
9.565386921167373657e-02
7.366160303354263306e-02
5.302663147449493408e-02
3.830796852707862854e-02
2.233592420816421509e-02
1.541811227798461914e-02
1.521684229373931885e-03
-1.610488630831241608e-02
-3.594014793634414673e-02
-5.532762035727500916e-02
-6.510883569717407227e-02
-7.501658797264099121e-02
-7.645172625780105591e-02
-7.076659798622131348e-02
-5.059450492262840271e-02
-3.047968074679374695e-02
-1.663635671138763428e-02
-1.535387709736824036e-04
6.724968552589416504e-04
