-1.419822573661804199e-01
-9.160382300615310669e-02
-3.685342147946357727e-02
-2.753391861915588379e-03
2.155801653861999512e-02
2.949276193976402283e-02
2.496733516454696655e-02
5.516553297638893127e-03
-7.475340738892555237e-03
-2.860978059470653534e-02
-4.931721836328506470e-02
-5.695351213216781616e-02
-5.471549183130264282e-02
-3.954201191663742065e-02
-3.258235007524490356e-02
-1.240411214530467987e-02
4.470046609640121460e-03
5.351077765226364136e-03
6.049573421478271484e-03
5.085531622171401978e-03
8.861981332302093506e-03
2.065093815326690674e-02
3.641031682491302490e-02
5.804695934057235718e-02
8.008670806884765625e-02
8.852684497833251953e-02
8.496709167957305908e-02
8.055629581212997437e-02
6.716740876436233521e-02
2.739824168384075165e-02
-2.157356031239032745e-02
-9.005808830261230469e-02
-2.554883435368537903e-02
-5.057436972856521606e-02
-4.427615553140640259e-02
-3.341633081436157227e-02
-2.172353491187095642e-02
-4.603270441293716431e-03
1.113989949226379395e-02
2.024642750620841980e-02
3.723967075347900391e-02
5.767859145998954773e-02
7.452398538589477539e-02
8.702655881643295288e-02
8.898875117301940918e-02
8.182066679000854492e-02
6.330657750368118286e-02
5.030678957700729370e-02
4.357428848743438721e-02
3.289348259568214417e-02
3.019357845187187195e-02
1.749547757208347321e-02
1.186595298349857330e-03
-2.302555739879608154e-02
-4.711710289120674133e-02
-6.233938410878181458e-02
-7.881388068199157715e-02
-8.548998832702636719e-02
-8.559072762727737427e-02
-6.447562575340270996e-02
-4.367157444357872009e-02
-2.741733193397521973e-02
-5.758368410170078278e-03
-1.113407313823699951e-03
