-1.805737763643264771e-01
-1.097637116909027100e-01
-4.740395024418830872e-02
-1.284805312752723694e-02
4.158335924148559570e-02
2.738043107092380524e-02
3.928821533918380737e-02
3.411239385604858398e-02
2.477061375975608826e-02
4.424399696290493011e-03
1.744474470615386963e-02
-9.408630430698394775e-03
8.519993163645267487e-03
-5.022358149290084839e-03
4.378061741590499878e-03
2.395503781735897064e-02
3.362554311752319336e-02
1.495602913200855255e-02
2.592703700065612793e-02
-1.390019431710243225e-03
6.305623799562454224e-03
3.639688715338706970e-03
3.535135090351104736e-02
2.667935192584991455e-02
4.572784528136253357e-02
3.957019001245498657e-02
1.885681971907615662e-02
9.850554168224334717e-03
-2.007707953453063965e-04
-2.344018220901489258e-02
-7.603891193866729736e-02
-1.173377931118011475e-01
4.682078957557678223e-03
-3.568651154637336731e-02
-4.765255749225616455e-02
-3.132469579577445984e-02
-1.569203287363052368e-02
-9.360396303236484528e-03
-1.208804547786712646e-03
1.781271211802959442e-02
2.452787011861801147e-03
1.765516027808189392e-02
1.631287112832069397e-02
4.412321746349334717e-02
2.938599884510040283e-02
2.715125307440757751e-02
3.336131572723388672e-02
-9.093933738768100739e-03
-3.217527270317077637e-02
-3.949945420026779175e-02
-4.701776430010795593e-02
-2.373335510492324829e-02
-4.313517361879348755e-02
-4.854501038789749146e-02
-4.119841381907463074e-02
-3.271433711051940918e-02
-8.914999663829803467e-03
-1.077455282211303711e-02
-1.266797073185443878e-03
2.809466421604156494e-02
5.616521462798118591e-02
4.169929027557373047e-02
3.206958621740341187e-02
9.654699824750423431e-03
