-1.319599449634552002e-01
-8.381708711385726929e-02
-2.647139877080917358e-02
1.026305556297302246e-02
2.902779728174209595e-02
3.308499604463577271e-02
2.118079364299774170e-02
-7.810629904270172119e-04
-1.963812112808227539e-02
-4.018006101250648499e-02
-5.648394301533699036e-02
-5.902443081140518188e-02
-5.496133118867874146e-02
-3.948317468166351318e-02
-2.328290976583957672e-02
-4.576940089464187622e-03
7.644541561603546143e-03
1.109069213271141052e-02
6.384856998920440674e-03
9.862855076789855957e-04
2.823546528816223145e-04
9.458776563405990601e-03
2.340548112988471985e-02
4.395171254873275757e-02
6.681275367736816406e-02
8.258448541164398193e-02
8.709692955017089844e-02
8.622431755065917969e-02
7.201289385557174683e-02
3.646293282508850098e-02
-1.155502721667289734e-02
-7.858888059854507446e-02
-2.339610829949378967e-02
-4.415907338261604309e-02
-3.168463706970214844e-02
-1.458349451422691345e-02
1.868143677711486816e-03
1.555029302835464478e-02
2.600564435124397278e-02
3.015210106968879700e-02
3.693719580769538879e-02
4.823298007249832153e-02
5.665853619575500488e-02
6.452122330665588379e-02
6.735986471176147461e-02
6.231519579887390137e-02
5.300509557127952576e-02
4.735253006219863892e-02
4.759079962968826294e-02
5.150557309389114380e-02
5.231147259473800659e-02
4.074112325906753540e-02
2.074769511818885803e-02
-8.074864745140075684e-03
-3.888325393199920654e-02
-6.541137397289276123e-02
-8.763031661510467529e-02
-9.954710304737091064e-02
-9.970550984144210815e-02
-8.368147909641265869e-02
-6.290705502033233643e-02
-4.116414114832878113e-02
-1.961393095552921295e-02
-3.243329003453254700e-03
