-2.040353417396545410e-01
-1.104355528950691223e-01
-4.169554263353347778e-02
-4.911892116069793701e-02
3.578561544418334961e-02
-4.031703993678092957e-02
-2.105776406824588776e-02
-8.254703134298324585e-03
-2.984210103750228882e-02
-3.207372128963470459e-02
4.284458607435226440e-02
1.061587408185005188e-02
6.968811154365539551e-02
-1.418698951601982117e-02
3.672341257333755493e-02
4.709181562066078186e-02
7.711409032344818115e-02
2.781348861753940582e-02
8.755435794591903687e-02
4.040632024407386780e-02
4.422421753406524658e-02
1.773228496313095093e-02
8.499197661876678467e-02
-1.930718868970870972e-02
6.069437041878700256e-02
-2.130249515175819397e-02
-4.690787196159362793e-02
-6.000960990786552429e-02
-6.641432642936706543e-02
-4.657036811113357544e-02
-9.400870651006698608e-02
-1.224166080355644226e-01
-3.059267997741699219e-03
-4.240416362881660461e-02
-1.051859110593795776e-01
-8.804324269294738770e-02
-2.310951240360736847e-02
-6.971823424100875854e-02
-7.518994808197021484e-02
-2.911099977791309357e-02
-9.666458517313003540e-02
-8.494178950786590576e-02
-1.087831556797027588e-01
-6.034628674387931824e-02
-1.446425728499889374e-02
-5.020563304424285889e-02
3.841970115900039673e-03
1.596306264400482178e-02
-7.216908037662506104e-02
-6.714761257171630859e-02
-4.558409005403518677e-02
3.258688747882843018e-02
-2.162165939807891846e-03
-2.793947234749794006e-02
4.414600506424903870e-02
6.432776898145675659e-02
6.264588236808776855e-02
4.766511917114257812e-02
7.301215082406997681e-02
1.132777482271194458e-01
1.681298166513442993e-01
4.151739925146102905e-02
3.514153510332107544e-02
-2.634234726428985596e-02
