-1.648809909820556641e-01
-1.132312268018722534e-01
-4.654660075902938843e-02
-5.104295909404754639e-03
2.674740925431251526e-02
3.979935497045516968e-02
4.006604105234146118e-02
2.445736713707447052e-02
1.074239984154701233e-02
-1.143030449748039246e-02
-3.145581483840942383e-02
-4.875037819147109985e-02
-4.929562658071517944e-02
-4.609829932451248169e-02
-4.088511317968368530e-02
-2.321640029549598694e-02
-7.024953141808509827e-03
1.342691481113433838e-03
1.052273064851760864e-02
1.457094401121139526e-02
2.728982269763946533e-02
3.596686571836471558e-02
5.806811526417732239e-02
7.187008857727050781e-02
8.438806980848312378e-02
9.100343286991119385e-02
8.138793706893920898e-02
6.819695234298706055e-02
4.460906982421875000e-02
5.193726159632205963e-03
-4.840208590030670166e-02
-1.082709431648254395e-01
-3.039867058396339417e-02
-5.797548592090606689e-02
-5.708625167608261108e-02
-4.298464208841323853e-02
-3.301404789090156555e-02
-1.509585976600646973e-02
5.628105252981185913e-03
2.283124253153800964e-02
4.411700740456581116e-02
6.940189003944396973e-02
8.588424324989318848e-02
9.908425807952880859e-02
9.629642963409423828e-02
8.369670063257217407e-02
6.195547431707382202e-02
3.092259168624877930e-02
1.317922398447990417e-02
-3.423120826482772827e-03
-7.257573306560516357e-03
-1.429970376193523407e-02
-3.222394734621047974e-02
-4.034791514277458191e-02
-5.306397750973701477e-02
-5.245566368103027344e-02
-5.354905128479003906e-02
-5.122721567749977112e-02
-4.160672426223754883e-02
-2.559376507997512817e-02
-9.149186313152313232e-03
1.243718434125185013e-03
2.741932868957519531e-03
1.248350366950035095e-03
