-1.309211254119873047e-01
-8.299158513545989990e-02
-2.418324723839759827e-02
1.384785771369934082e-02
3.229606524109840393e-02
3.617756441235542297e-02
2.382325381040573120e-02
1.459993422031402588e-03
-1.937084831297397614e-02
-4.100885614752769470e-02
-5.781452357769012451e-02
-6.168868020176887512e-02
-5.926897376775741577e-02
-4.556597024202346802e-02
-2.771507203578948975e-02
-9.137060493230819702e-03
2.922013401985168457e-03
8.444543927907943726e-03
4.828043282032012939e-03
3.847256302833557129e-04
3.195703029632568359e-04
1.044887304306030273e-02
2.514546737074851990e-02
4.591776430606842041e-02
6.803365051746368408e-02
8.439998328685760498e-02
9.011925756931304932e-02
8.822046220302581787e-02
7.242775708436965942e-02
3.737930208444595337e-02
-1.037890091538429260e-02
-7.726016640663146973e-02
-2.496861852705478668e-02
-4.523532465100288391e-02
-3.137385100126266479e-02
-1.303296908736228943e-02
4.602633416652679443e-03
1.789443567395210266e-02
2.827918156981468201e-02
3.280425816774368286e-02
3.813797235488891602e-02
4.784950241446495056e-02
5.571530759334564209e-02
6.405897438526153564e-02
6.805854290723800659e-02
6.302150338888168335e-02
5.419940873980522156e-02
4.825238138437271118e-02
4.735010862350463867e-02
5.189910158514976501e-02
5.204981565475463867e-02
4.036518186330795288e-02
1.931880973279476166e-02
-8.998207747936248779e-03
-3.932813182473182678e-02
-6.651195138692855835e-02
-8.834627270698547363e-02
-1.002348512411117554e-01
-9.947861731052398682e-02
-8.493295311927795410e-02
-6.390614807605743408e-02
-4.118923097848892212e-02
-2.147573977708816528e-02
-4.526667296886444092e-03
