-1.345355212688446045e-01
-8.507482707500457764e-02
-3.111794963479042053e-02
2.554513514041900635e-03
2.326750010251998901e-02
2.793199941515922546e-02
1.993143558502197266e-02
-1.177284866571426392e-03
-1.587721146643161774e-02
-3.554112464189529419e-02
-5.407099425792694092e-02
-5.708300322294235229e-02
-5.171873420476913452e-02
-3.351488709449768066e-02
-2.220401912927627563e-02
-2.180185168981552124e-03
1.193071529269218445e-02
1.086132600903511047e-02
6.740853190422058105e-03
1.608267426490783691e-03
2.350263297557830811e-03
1.150204613804817200e-02
2.525570616126060486e-02
4.632692784070968628e-02
6.970682740211486816e-02
8.164332807064056396e-02
8.227827399969100952e-02
8.232543617486953735e-02
7.138977944850921631e-02
3.365059196949005127e-02
-1.435949094593524933e-02
-8.227219432592391968e-02
-2.279574424028396606e-02
-4.448142647743225098e-02
-3.479819372296333313e-02
-2.008591219782829285e-02
-6.348326802253723145e-03
9.526610374450683594e-03
2.182845398783683777e-02
2.592064440250396729e-02
3.575834259390830994e-02
5.013363063335418701e-02
6.121204793453216553e-02
7.025561481714248657e-02
7.172954827547073364e-02
6.585417687892913818e-02
5.241029709577560425e-02
4.561301693320274353e-02
4.570719227194786072e-02
4.439077153801918030e-02
4.666550084948539734e-02
3.528525307774543762e-02
1.881294697523117065e-02
-9.092729538679122925e-03
-3.930959850549697876e-02
-6.251994520425796509e-02
-8.450241386890411377e-02
-9.563574194908142090e-02
-9.767186641693115234e-02
-7.807183265686035156e-02
-5.708438903093338013e-02
-3.783725202083587646e-02
-1.333544962108135223e-02
-2.480734139680862427e-03
