-1.683139652013778687e-01
-1.064258366823196411e-01
-4.674324765801429749e-02
-5.619876086711883545e-03
3.673404082655906677e-02
4.229890927672386169e-02
5.127863585948944092e-02
4.165736958384513855e-02
3.717134892940521240e-02
1.981629617512226105e-02
1.015621051192283630e-02
-1.329605653882026672e-02
-3.287402912974357605e-03
-8.346561342477798462e-03
-1.038045436143875122e-02
6.247125566005706787e-05
5.560191813856363297e-03
5.153811071068048477e-03
1.092221587896347046e-03
-8.401554077863693237e-03
7.670037448406219482e-04
2.313971519470214844e-03
2.512239478528499603e-02
3.195671737194061279e-02
4.810331761837005615e-02
5.234415084123611450e-02
4.157933965325355530e-02
3.295659646391868591e-02
2.370271831750869751e-02
-1.303693652153015137e-02
-6.114044785499572754e-02
-1.089290380477905273e-01
3.215957432985305786e-03
-3.629028797149658203e-02
-3.484877943992614746e-02
-1.857887767255306244e-02
-1.472080312669277191e-02
-2.316987141966819763e-03
8.199624717235565186e-03
1.408317498862743378e-02
2.188571542501449585e-02
3.802949935197830200e-02
4.087922349572181702e-02
6.223453581333160400e-02
4.111785814166069031e-02
4.699789732694625854e-02
3.882004693150520325e-02
-1.951538957655429840e-03
-1.715876534581184387e-02
-3.290336579084396362e-02
-3.786034137010574341e-02
-3.201326727867126465e-02
-4.060370102524757385e-02
-4.455829784274101257e-02
-5.838704854249954224e-02
-4.426199197769165039e-02
-2.702646702527999878e-02
-1.964180171489715576e-02
-1.450897101312875748e-02
5.659267306327819824e-03
3.044250607490539551e-02
3.508996963500976562e-02
2.838515117764472961e-02
2.029476314783096313e-02
