-1.598175317049026489e-01
-1.098427176475524902e-01
-4.782161116600036621e-02
-7.712960243225097656e-03
2.184410020709037781e-02
3.610013425350189209e-02
3.635542094707489014e-02
2.140125818550586700e-02
7.653735578060150146e-03
-1.516079902648925781e-02
-3.685285896062850952e-02
-5.246474221348762512e-02
-5.479102581739425659e-02
-4.971354082226753235e-02
-4.504538327455520630e-02
-2.719204500317573547e-02
-1.136020198464393616e-02
-2.243101596832275391e-03
6.158363074064254761e-03
1.083257794380187988e-02
2.187565714120864868e-02
3.709399700164794922e-02
5.779520422220230103e-02
7.559354603290557861e-02
9.174975752830505371e-02
9.870177507400512695e-02
9.068560600280761719e-02
7.742924988269805908e-02
5.336132645606994629e-02
1.178862154483795166e-02
-4.073501750826835632e-02
-1.046655699610710144e-01
-2.611161209642887115e-02
-5.554936826229095459e-02
-5.648072808980941772e-02
-4.741337895393371582e-02
-3.843204677104949951e-02
-2.118953689932823181e-02
-1.992058008909225464e-03
1.501102745532989502e-02
3.896254301071166992e-02
6.748531013727188110e-02
9.046647697687149048e-02
1.073224246501922607e-01
1.087119430303573608e-01
9.708781540393829346e-02
7.421489804983139038e-02
4.674053192138671875e-02
2.810448780655860901e-02
1.075508445501327515e-02
3.029759973287582397e-03
-9.809557348489761353e-03
-3.027477301657199860e-02
-4.394032433629035950e-02
-5.979049950838088989e-02
-6.433837115764617920e-02
-6.792534887790679932e-02
-6.574274599552154541e-02
-5.509139224886894226e-02
-3.681824356317520142e-02
-1.744781062006950378e-02
-3.284593578428030014e-03
5.503438413143157959e-03
5.155770108103752136e-03
