-1.541451513767242432e-01
-1.041179224848747253e-01
-4.524753987789154053e-02
-6.506238132715225220e-03
2.174588292837142944e-02
3.548260778188705444e-02
3.504237532615661621e-02
1.950859464704990387e-02
5.351502448320388794e-03
-1.694400981068611145e-02
-3.971259668469429016e-02
-5.414127558469772339e-02
-5.794491618871688843e-02
-5.121346190571784973e-02
-4.619677737355232239e-02
-2.732547372579574585e-02
-1.001381501555442810e-02
-1.677028834819793701e-03
5.334474146366119385e-03
9.558912366628646851e-03
1.790584623813629150e-02
3.427372127771377563e-02
5.251015350222587585e-02
7.218328863382339478e-02
9.000694751739501953e-02
9.746403992176055908e-02
9.165872633457183838e-02
8.005148917436599731e-02
5.794566497206687927e-02
1.637871004641056061e-02
-3.428411483764648438e-02
-1.005775630474090576e-01
-2.747244760394096375e-02
-5.761833488941192627e-02
-5.591583624482154846e-02
-4.704351350665092468e-02
-3.628527373075485229e-02
-1.887211203575134277e-02
7.783994078636169434e-04
1.653196662664413452e-02
3.965836018323898315e-02
6.628526747226715088e-02
8.973462134599685669e-02
1.065667569637298584e-01
1.092542335391044617e-01
9.825339168310165405e-02
7.524145394563674927e-02
5.167726799845695496e-02
3.417272865772247314e-02
1.765876263380050659e-02
8.828077465295791626e-03
-5.903914570808410645e-03
-2.452075481414794922e-02
-4.122637957334518433e-02
-5.738018825650215149e-02
-6.485153734683990479e-02
-7.194055616855621338e-02
-7.183562219142913818e-02
-6.443030387163162231e-02
-4.473653808236122131e-02
-2.395280450582504272e-02
-1.017660647630691528e-02
2.599462866783142090e-03
2.271171659231185913e-03
