-1.581879258155822754e-01
-1.080936938524246216e-01
-4.727013409137725830e-02
-7.237985730171203613e-03
2.203261107206344604e-02
3.655986860394477844e-02
3.669447824358940125e-02
2.181590907275676727e-02
7.679414004087448120e-03
-1.522237807512283325e-02
-3.799063339829444885e-02
-5.356103181838989258e-02
-5.693522840738296509e-02
-5.057213082909584045e-02
-4.590476304292678833e-02
-2.789003029465675354e-02
-1.183989085257053375e-02
-3.236986696720123291e-03
4.523105919361114502e-03
1.022522151470184326e-02
1.983530074357986450e-02
3.591604158282279968e-02
5.532721057534217834e-02
7.474616169929504395e-02
9.245163202285766602e-02
9.948447346687316895e-02
9.236057102680206299e-02
7.918220758438110352e-02
5.550751462578773499e-02
1.347202621400356293e-02
-3.811613097786903381e-02
-1.036246865987777710e-01
-2.659089118242263794e-02
-5.689800903201103210e-02
-5.641634017229080200e-02
-4.773846268653869629e-02
-3.818796575069427490e-02
-2.126036584377288818e-02
-1.570221036672592163e-03
1.542640104889869690e-02
4.029963910579681396e-02
6.795490533113479614e-02
9.103013575077056885e-02
1.076718196272850037e-01
1.098660826683044434e-01
9.882705658674240112e-02
7.599017024040222168e-02
5.041311681270599365e-02
3.167961165308952332e-02
1.424742490053176880e-02
5.233794450759887695e-03
-8.519962430000305176e-03
-2.783845365047454834e-02
-4.325906932353973389e-02
-5.868620425462722778e-02
-6.501486152410507202e-02
-7.030516117811203003e-02
-6.898637861013412476e-02
-5.944781750440597534e-02
-4.075079038739204407e-02
-2.118308469653129578e-02
-7.548841182142496109e-03
3.849182277917861938e-03
3.929829224944114685e-03
