-1.313304901123046875e-01
-8.390851318836212158e-02
-2.574411407113075256e-02
1.197548583149909973e-02
3.108291327953338623e-02
3.549607470631599426e-02
2.331218495965003967e-02
1.002877950668334961e-03
-1.933645643293857574e-02
-4.051604121923446655e-02
-5.760178714990615845e-02
-6.107365712523460388e-02
-5.773625895380973816e-02
-4.363006725907325745e-02
-2.613307721912860870e-02
-6.537901237607002258e-03
5.439676344394683838e-03
9.973961859941482544e-03
5.532115697860717773e-03
9.869188070297241211e-04
1.089923083782196045e-03
1.086743921041488647e-02
2.490471303462982178e-02
4.510574415326118469e-02
6.696632504463195801e-02
8.323498070240020752e-02
8.813397586345672607e-02
8.686795830726623535e-02
7.192661613225936890e-02
3.695077449083328247e-02
-1.102861016988754272e-02
-7.765954732894897461e-02
-2.350397780537605286e-02
-4.439023882150650024e-02
-3.121748380362987518e-02
-1.328273117542266846e-02
3.241684287786483765e-03
1.688421890139579773e-02
2.731913328170776367e-02
3.153999149799346924e-02
3.750679641962051392e-02
4.777256026864051819e-02
5.544386431574821472e-02
6.327457726001739502e-02
6.687912344932556152e-02
6.231973692774772644e-02
5.353807657957077026e-02
4.803234338760375977e-02
4.797011613845825195e-02
5.243568867444992065e-02
5.239364132285118103e-02
4.038802161812782288e-02
1.978569477796554565e-02
-8.360408246517181396e-03
-3.881840780377388000e-02
-6.555595248937606812e-02
-8.769262582063674927e-02
-9.950859844684600830e-02
-9.947155416011810303e-02
-8.522239327430725098e-02
-6.454375386238098145e-02
-4.161886125802993774e-02
-2.044003270566463470e-02
-3.084095194935798645e-03
