-1.632847636938095093e-01
-1.127882301807403564e-01
-4.895018413662910461e-02
-8.187074214220046997e-03
2.283414453268051147e-02
3.734041005373001099e-02
3.825061395764350891e-02
2.255179733037948608e-02
9.410813450813293457e-03
-1.334943063557147980e-02
-3.394416719675064087e-02
-5.107522755861282349e-02
-5.308607965707778931e-02
-4.916658252477645874e-02
-4.448508471250534058e-02
-2.688420191407203674e-02
-1.081415638327598572e-02
-1.854576170444488525e-03
8.453227579593658447e-03
1.359900832176208496e-02
2.575905621051788330e-02
3.735877573490142822e-02
5.893306434154510498e-02
7.493948936462402344e-02
8.956329524517059326e-02
9.682204574346542358e-02
8.823974430561065674e-02
7.505281269550323486e-02
5.088218674063682556e-02
9.573998861014842987e-03
-4.461289197206497192e-02
-1.071998924016952515e-01
-2.645557746291160583e-02
-5.467249453067779541e-02
-5.684566497802734375e-02
-4.617471620440483093e-02
-3.777839988470077515e-02
-1.965880393981933594e-02
4.862286150455474854e-04
1.799222454428672791e-02
4.028363525867462158e-02
6.819641590118408203e-02
8.860193192958831787e-02
1.043954715132713318e-01
1.042168810963630676e-01
9.216676652431488037e-02
6.986182928085327148e-02
3.997464478015899658e-02
2.158747613430023193e-02
3.469638526439666748e-03
-1.739870756864547729e-03
-1.130646094679832458e-02
-3.122999146580696106e-02
-4.242571815848350525e-02
-5.752768367528915405e-02
-6.004464253783226013e-02
-6.277105957269668579e-02
-6.061282753944396973e-02
-5.014657229185104370e-02
-3.243127465248107910e-02
-1.349754258990287781e-02
3.283052938058972359e-04
6.134185940027236938e-03
5.272354930639266968e-03
