-1.673928797245025635e-01
-1.147676780819892883e-01
-4.642661660909652710e-02
-5.491442978382110596e-03
2.940498664975166321e-02
4.196421429514884949e-02
4.413117468357086182e-02
3.081748820841312408e-02
1.734452694654464722e-02
-4.738746210932731628e-03
-2.380670607089996338e-02
-4.031420499086380005e-02
-4.253013432025909424e-02
-4.081724956631660461e-02
-3.633234649896621704e-02
-1.712029986083507538e-02
-2.303344197571277618e-03
5.277272313833236694e-03
1.256439462304115295e-02
1.315065100789070129e-02
2.430494874715805054e-02
3.271352499723434448e-02
5.372027680277824402e-02
6.407861411571502686e-02
7.569070905447006226e-02
8.282697945833206177e-02
7.102332264184951782e-02
5.874815955758094788e-02
3.461778163909912109e-02
-2.549100201576948166e-03
-5.402243509888648987e-02
-1.090512350201606750e-01
-2.695882320404052734e-02
-5.721914768218994141e-02
-5.467206239700317383e-02
-4.043455794453620911e-02
-2.779062837362289429e-02
-1.076923683285713196e-02
1.294933445751667023e-02
2.544523589313030243e-02
4.456783831119537354e-02
6.405894458293914795e-02
7.556174695491790771e-02
8.772324770689010620e-02
8.152623474597930908e-02
6.928203999996185303e-02
4.989514499902725220e-02
1.966739818453788757e-02
-7.144398987293243408e-04
-1.504341512918472290e-02
-1.872487738728523254e-02
-2.023720368742942810e-02
-3.369870781898498535e-02
-3.908828273415565491e-02
-4.969448596239089966e-02
-4.440400004386901855e-02
-4.001364856958389282e-02
-3.768706321716308594e-02
-2.778700552880764008e-02
-1.351210102438926697e-02
3.281481564044952393e-03
9.027640335261821747e-03
7.509443908929824829e-03
3.102794289588928223e-03
