-1.320164203643798828e-01
-8.377677947282791138e-02
-2.841503173112869263e-02
6.597790867090225220e-03
2.623575180768966675e-02
3.040609508752822876e-02
1.996226236224174500e-02
-1.724660396575927734e-03
-1.923302747309207916e-02
-3.902174532413482666e-02
-5.539697036147117615e-02
-5.731736868619918823e-02
-5.242914706468582153e-02
-3.575992584228515625e-02
-2.137688174843788147e-02
-2.403832972049713135e-03
1.039130613207817078e-02
1.172121614217758179e-02
6.284222006797790527e-03
7.749944925308227539e-04
6.670355796813964844e-04
9.683843702077865601e-03
2.324582822620868683e-02
4.394400119781494141e-02
6.704603880643844604e-02
8.138906955718994141e-02
8.453507721424102783e-02
8.434239774942398071e-02
7.185407727956771851e-02
3.558187559247016907e-02
-1.206682994961738586e-02
-7.915871590375900269e-02
-2.264054492115974426e-02
-4.372793436050415039e-02
-3.192805498838424683e-02
-1.509563624858856201e-02
1.534782350063323975e-04
1.426529884338378906e-02
2.502732723951339722e-02
2.898965403437614441e-02
3.654360026121139526e-02
4.865320771932601929e-02
5.719701945781707764e-02
6.514558941125869751e-02
6.802950799465179443e-02
6.285680830478668213e-02
5.217575281858444214e-02
4.633519053459167480e-02
4.637700319290161133e-02
4.890873283147811890e-02
5.065510421991348267e-02
3.960252553224563599e-02
2.142531797289848328e-02
-7.218051701784133911e-03
-3.789021819829940796e-02
-6.323173642158508301e-02
-8.614136278629302979e-02
-9.882530570030212402e-02
-1.005088165402412415e-01
-8.356459438800811768e-02
-6.235305219888687134e-02
-4.088592529296875000e-02
-1.775516197085380554e-02
-2.840576693415641785e-03
