-1.652222871780395508e-01
-1.085625737905502319e-01
-4.588665440678596497e-02
-4.164818674325942993e-03
3.532283380627632141e-02
4.264330863952636719e-02
5.171065777540206909e-02
3.992044180631637573e-02
3.468891978263854980e-02
1.689717546105384827e-02
9.312825277447700500e-04
-1.875073648989200592e-02
-1.491768099367618561e-02
-2.151641622185707092e-02
-1.916081458330154419e-02
-1.054446771740913391e-02
-4.080036189407110214e-03
-6.707417778670787811e-04
-4.275441169738769531e-04
-6.189191713929176331e-03
4.356201738119125366e-03
9.954595938324928284e-03
2.891946956515312195e-02
3.817574679851531982e-02
5.407841131091117859e-02
6.143338605761528015e-02
4.993896931409835815e-02
4.360309243202209473e-02
2.684731595218181610e-02
-7.890239357948303223e-03
-5.686390772461891174e-02
-1.055521965026855469e-01
-2.707079052925109863e-03
-3.914119675755500793e-02
-3.740578144788742065e-02
-2.379821240901947021e-02
-1.494886912405490875e-02
-4.030823707580566406e-03
1.280342414975166321e-02
1.772725582122802734e-02
3.014811500906944275e-02
4.761189594864845276e-02
5.179987102746963501e-02
6.700374931097030640e-02
5.230583250522613525e-02
5.197428911924362183e-02
4.169713705778121948e-02
7.808387279510498047e-03
-1.422545500099658966e-02
-2.931043878197669983e-02
-3.568721935153007507e-02
-3.283386677503585815e-02
-4.244473949074745178e-02
-4.581962153315544128e-02
-6.055845320224761963e-02
-4.631911590695381165e-02
-3.214283660054206848e-02
-2.611333131790161133e-02
-1.605970039963722229e-02
1.359682530164718628e-03
2.567708678543567657e-02
2.833107113838195801e-02
2.544766105711460114e-02
1.948487572371959686e-02
