-1.658333539962768555e-01
-1.136939525604248047e-01
-4.605098068714141846e-02
-4.723541438579559326e-03
2.889019250869750977e-02
4.210162162780761719e-02
4.225479066371917725e-02
2.771062590181827545e-02
1.333907246589660645e-02
-9.670427069067955017e-03
-2.860687114298343658e-02
-4.540464282035827637e-02
-4.712585359811782837e-02
-4.418295621871948242e-02
-3.905005007982254028e-02
-1.946653053164482117e-02
-3.585560247302055359e-03
4.694515839219093323e-03
1.245576143264770508e-02
1.445283368229866028e-02
2.621448040008544922e-02
3.416209667921066284e-02
5.561932176351547241e-02
6.769715249538421631e-02
8.001700043678283691e-02
8.650691807270050049e-02
7.633237540721893311e-02
6.354440748691558838e-02
3.996179252862930298e-02
1.438016770407557487e-03
-5.077479034662246704e-02
-1.083691716194152832e-01
-2.798921987414360046e-02
-5.751599371433258057e-02
-5.598223209381103516e-02
-4.155336692929267883e-02
-3.047499433159828186e-02
-1.258928701281547546e-02
9.988702833652496338e-03
2.457514405250549316e-02
4.498755186796188354e-02
6.734354794025421143e-02
8.089780062437057495e-02
9.270409494638442993e-02
8.818494528532028198e-02
7.561153173446655273e-02
5.404861643910408020e-02
2.273464947938919067e-02
4.567943513393402100e-03
-9.943805634975433350e-03
-1.237088069319725037e-02
-1.616453006863594055e-02
-3.153970837593078613e-02
-3.861777484416961670e-02
-5.036671459674835205e-02
-4.833258315920829773e-02
-4.684347659349441528e-02
-4.395296052098274231e-02
-3.492402285337448120e-02
-2.032209374010562897e-02
-3.710292279720306396e-03
5.004719831049442291e-03
5.043499171733856201e-03
2.353286370635032654e-03
