-1.735435724258422852e-01
-1.084885746240615845e-01
-5.032258108258247375e-02
-7.770264521241188049e-03
3.800103813409805298e-02
3.924590721726417542e-02
5.008707195520401001e-02
4.122295975685119629e-02
3.681065514683723450e-02
1.719581149518489838e-02
1.495594717562198639e-02
-1.118236035108566284e-02
2.858870662748813629e-03
-3.689698874950408936e-03
-3.191724419593811035e-03
9.074283763766288757e-03
1.539298612624406815e-02
1.127072889357805252e-02
9.171247482299804688e-03
-5.224529653787612915e-03
2.254635095596313477e-03
2.871269360184669495e-03
2.638944238424301147e-02
3.137101978063583374e-02
4.609734192490577698e-02
4.772740602493286133e-02
3.340575471520423889e-02
2.379095554351806641e-02
1.574167236685752869e-02
-2.001209184527397156e-02
-6.786705553531646729e-02
-1.137220710515975952e-01
4.309162497520446777e-03
-3.622333705425262451e-02
-3.871105983853340149e-02
-2.215943485498428345e-02
-1.725163683295249939e-02
-3.821526654064655304e-03
4.202947020530700684e-03
1.338909380137920380e-02
1.517840847373008728e-02
2.966177836060523987e-02
3.454614430665969849e-02
5.855112522840499878e-02
3.567449375987052917e-02
4.243119806051254272e-02
3.626206889748573303e-02
-8.243137970566749573e-03
-2.090283297002315521e-02
-3.455897793173789978e-02
-4.028329625725746155e-02
-2.928254939615726471e-02
-4.024529829621315002e-02
-4.363457113504409790e-02
-5.344638228416442871e-02
-4.185487329959869385e-02
-2.014954015612602234e-02
-1.338202878832817078e-02
-1.011811383068561554e-02
1.441426575183868408e-02
3.798111528158187866e-02
3.906752914190292358e-02
3.001168929040431976e-02
1.877724565565586090e-02
